2416:  122      000010
2625:  122 10   000010
2627:  122 110  000010
2634:  122 1200 000010

2638:  122 220 0 0   000 000010
2641:  122 220 0 10  000 000010
2644:  122 220 0 200 000 000010

2646:  122 220 1 0   000000 000010
2648:  122 220 1 10  000000 000010
2650:  122 220 1 200 000000 000010

2652:  122 220 2 0   000 000000 000010
2655:  122 220 2 10  000 000000 000010
2658:  122 220 2 200 000 000000 000010

2992:  122 100000 22      000
       122 100000 22 10   000
       122 100000 22 110  000
       122 100000 22 1200 000

3778:  122 220000000000 22      000
4522:  122 220000000000 22 10   000
4528:  122 220000000000 22 110  000
4619:  122 220000000000 22 1200 000

4731:  122 22002000000000      22      000
4791:  122 220100000000000     22 10   000
4454:  122 2202100000000000000 22 110  000
       122 2202100000000000000 22 1200 000

3986:  220 2210000010221200                    000010
4507:  220 22220110000000000010222201200000000 000010
4552:  221 022000010221000001022110            000010
