297 221010022010102201111102211111001122100101102211110110
1187 221110022010112200101022010022001110220110220121110220120
1726 221110011011110102201001011122011010221001011
1728 22112200010221001002200110221001011221001011102211010101122101010010220010
2416 122000010
2498 2202200001102201010010
2625 12210000010
2627 122110000010
2634 1221200000010
2638 12222000000000010
2641 122220010000000010
2644 1222200200000000010
2646 12222010000000000010
2648 122220110000000000010
2650 1222201200000000000010
2652 12222020000000000000010
2655 122220210000000000000010
2658 1222202200000000000000010
2685 1222200001010000022220011001000010
2708 12211010111002222011101110100101101011
2711 122220000101100100222200111010001011
2713 220221001000222200000101000221110001010221010010
2715 2210101022010102201111102211111001122100101102211110110
2717 122220000100111100222200110001111010
2719 12222000010100010022220010010100100
2721 22111010110110102201111221011111110220121222101212120220100
2723 1222200001001000022220011000100010
2726 2202210000102200022101001002211100010
2728 22102200002210101010220101010221011111122111111111110220010
2731 122220000010110100222200111001001011
2733 22102200101022101000221001110022121111101002210101001022100100
2735 22111010220101011010220111122101111111022012122210121212010
2738 12222000010001010022220010010010100
2745 1222210000000000000000000010
2748 12222100010000000000000000010
2750 220220001022101010102212101010101002210000
2752 122221000200000000000000000010
2754 1222210010000000000000000000010
2759 12222100110000000000000000000010
2761 122221001200000000000000000000010
2763 2210220010102210101002210101010102210111011221101111002211010011
2765 1222210020000000000000000000000010
2767 12222100210000000000000000000000010
2770 122221002200000000000000000000000010
2772 1222210100000000000000000000000000010
2776 122221010200000000000000000000000000010
2778 1222210110000000000000000000000000000010
2780 12222101110000000000000000000000000000010
2782 122221011200000000000000000000000000000010
2785 1222210120000000000000000000000000000000010
2795 1222210200000000000000000000000000000000000010
2801 12222102010000000000000000000000000000000000010
2878 122221020200000000000000000000000000000000000010
2881 1222210210000000000000000000000000000000000000010
2884 12222102110000000000000000000000000000000000000010
2886 122221021200000000000000000000000000000000000000010
2888 1222210220000000000000000000000000000000000000000010
2992 12210000022000
3028 12222102210000000000000000000000000000000000000000010
3032 122221022200000000000000000000000000000000000000000010
3039 122221100010000000000000000000000000000000000000000000010
3044 1222211000200000000000000000000000000000000000000000000010
3049 12222110010000000000000000000000000000000000000000000000010
3211 122221100110000000000000000000000000000000000000000000000010
3778 12222000000000022000
3986 2202210000010221200000010
4454 122220210000000000000022110000
4507 22022220110000000000010222201200000000000010
4522 1222200000000002210000
4528 12222000000000022110000
4552 221022000010221000001022110000010
4619 122220000000000221200000
4731 1222200200000000022000
4791 1222201000000000002210000
