number encoding
2:  0
3:  10
4:  11
5:  12
6:  22000
7:  22001
...
13: 22021
14: 22022
15: 2210000
16: 2210001
..
32: 2210122
33: 2210200
..
41: 2210222
42: 2211000
..
2211222


        243 81 27 9 3 1

122220120000000000002212000 2210000 0

123: 22 12  0 0 0 0 0
150: 2212  0  1 0 0 0
153: 2212  0  1 0 1 0
156: 2212  0  1 0 2 0

148 = 81 + 2*27 + 9 + 3 + 1
142 = 81 + 2*27 +     2*3 + 1

12021

tuple encoding
22 number element 0 (element 0)



0
10
11
12
22 0 00
22 0 01
22 0 02
22 0 10
22 0 10
22 0 11
22 0 12
22 0 20
22 0 21
22 0 22
22 10 000