219
2416
2625
2627
2634
2638
2641
2644
2646
2648
2650
2652
2655
2658
2745
2748
2752
2754
2759
2761
2765
2767
2770
2772
2776
2778
2780
2782
2785
2795
2801
2878
2881
2884
2886
2888
2992
3028
3032
3039
3044
3049
3211
3778
3986
4454
4507
4522
4528
4552
4619
4731
4791
9258
9480
9480
9559
9559
9577
9577
10086
10094
10103
10404
10431
11045
11083
11866
11887
11893
12030
15077
15168
15188
20280
20282
20430
20565
20819
20824
20830
20833
20838
20902
21168
22872
23245
27032
27670
37527
37583
37603
37630
40008
41683
42330
42514
42521
42594
42665
43452
