46657 1
43987 1
3385 1
46724 1
46694 1
3762 1
3498 1
4964 1
46558 1
46574 1
46328 1
46766 1
4979 1
46679 1
42170 1
45448 1
46615 1
3705 1
46676 1
46763 1
48262 1
5076 1
39830 1
46598 1
61638 1
3729 1
5011 1
4953 1
4934 1
4920 1
46705 1
46647 1
41688 1
42466 1
3633 1
46734 1
43266 1
45076 1
42683 1
4893 1
3746 1
3770 1
46672 1
3786 1
46047 1
46639 1
46744 1
3817 1
57278 1
46606 1
46440 1
4854 1
46731 1
46602 1
3842 1
3856 1
3861 1
3865 1
3916 1
46568 1
3930 1
46633 1
46622 1
3467 1
3562 1
46322 1
46717 1
3939 1
46698 1
4157 1
46537 1
46618 1
46563 1
46436 1
46309 1
46594 1
43621 1
44332 1
3533 1
3450 1
4847 1
4840 1
3989 1
4017 1
4057 1
4827 1
40033 1
4824 1
3589 1
29415 1
3995 1
4106 1
4200 1
4819 1
4484 1
46667 1
46301 1
40540 1
46485 1
46608 1
4002 1
46580 1
42321 1
41865 1
46517 1
4943 1
4248 1
4374 1
40976 1
46684 1
46547 1
4487 1
46571 1
4051 1
4029 1
4991 1
4074 1
41427 1
4046 1
4282 1
4412 1
56144 1
3336 1
25839 2
25743 2
4036 2
4141 2
25736 2
25734 2
26127 2
45720 2
55494 2
57852 2
56760 2
55343 2
54966 2
2708 2
54862 2
54784 2
54684 2
28643 2
55099 2
54634 2
27235 2
27134 2
27039 2
27036 2
55190 2
28838 2
28293 2
54622 2
27034 2
28464 2
27280 2
27213 2
27131 2
27030 2
27028 2
27026 2
27023 2
27019 2
27015 2
27013 2
27009 2
26998 2
27006 2
26993 2
26969 2
26965 2
51842 2
50904 2
26954 2
48374 2
26972 2
26960 2
26951 2
48267 2
3608 2
27001 2
26949 2
26923 2
26931 2
57799 2
26927 2
41378 2
26916 2
26910 2
27003 2
3268 2
26986 2
26974 2
26896 2
26978 2
56490 2
57355 2
58125 2
26976 2
26943 2
26886 2
26903 2
26875 2
26862 2
26845 2
26946 2
26940 2
26882 2
40978 2
26555 2
54097 2
57453 2
53216 2
58301 2
57132 2
55387 2
40708 2
26980 2
3680 2
39849 2
26186 2
39806 2
40093 2
26871 2
26741 2
26683 2
26226 2
26132 2
26116 2
26110 2
26105 2
26069 2
3831 2
3927 2
26933 2
26919 2
26130 2
26123 2
25849 2
4206 2
58221 2
58194 2
39822 2
40970 2
26957 2
26879 2
26291 2
41838 2
25808 2
39892 2
41843 2
4181 2
26103 2
25775 2
4314 2
25726 2
25731 2
43650 2
25711 2
25422 2
25416 2
25409 2
25395 2
25388 2
25192 2
24100 2
4816 2
61317 2
43603 2
52882 2
5109 2
5130 2
44465 2
4938 2
4970 2
48328 2
52627 2
48686 2
51577 2
54532 2
51424 2
45757 2
46318 2
45970 2
50718 3
50389 3
43909 3
59899 3
49865 3
45711 3
58083 3
4125 3
60689 3
39217 3
50517 3
46555 3
26615 3
50640 3
46600 3
60556 4
60536 4
55374 4
38850 4
58504 4
50211 4
49025 4
60515 4
50063 4
52505 4
60346 4
60629 4
60386 4
60420 4
39144 4
60328 5
60492 5
60439 5
60353 5
60342 5
60577 5
60284 5
40974 5
59036 5
27509 6
46810 6
26890 6
57075 6
30116 6
59337 6
51375 6
59310 6
297 6
35447 6
60249 6
36432 6
59708 6
59081 6
43542 6
46742 6
36148 6
45681 7
26914 7
35542 7
39183 7
57582 7
36075 7
59811 7
51023 7
35042 7
35221 7
39074 7
27021 7
32599 7
31427 7
30940 7
55796 7
39249 7
34391 7
45697 7
2763 7
58805 7
39704 7
59623 7
4220 7
34302 7
43754 7
36499 7
37534 7
2715 7
2733 7
28766 7
58723 7
38430 8
38819 8
39103 8
39633 8
38606 8
38238 8
39124 8
39292 8
38578 8
39426 8
39139 8
39740 8
59825 8
49003 8
26967 8
52926 8
53379 8
27353 8
29857 8
32267 8
30748 8
27296 8
28381 8
29551 8
32031 8
35410 8
36934 8
37183 8
57871 8
58015 8
37354 8
37446 8
37854 9
38793 9
27223 9
37515 9
38717 9
37942 9
2685 9
58499 9
38475 9
59959 9
26499 9
35850 9
2723 9
20383 9
35513 9
37503 9
37551 9
58993 10
39670 10
50918 10
2738 10
57506 10
45672 10
55975 10
52765 10
59909 11
22100 11
26125 11
10047 11
45677 11
2719 11
34692 11
1187 11
45689 11
50485 12
12129 12
12053 12
3937 12
58149 12
26154 12
46972 12
41692 12
43309 12
11772 12
10255 12
2713 12
24172 13
11810 13
58372 13
2689 13
2711 13
2717 13
2726 13
32839 13
27278 13
2756 13
58298 13
3610 13
3460 13
26098 13
39577 14
12830 14
5151 14
3666 14
51661 14
12072 14
3270 14
57108 14
39788 14
2731 14
11964 14
12116 14
37407 14
2591 14
13010 14
13232 14
12881 15
3465 15
12844 15
12840 15
12797 15
12816 15
3720 15
3811 15
34383 15
34285 15
34540 15
34232 15
3820 15
2875 15
13108 15
12850 15
36425 15
13252 15
20926 15
13204 15
13129 15
44011 15
13046 15
13035 15
13016 15
13003 15
4009 16
11756 16
12793 16
5293 16
4040 16
3969 16
39028 16
3715 16
27774 16
33704 16
32970 16
34260 16
35762 16
36891 16
12034 16
12785 16
12776 16
33434 17
4044 17
4951 17
4432 17
5138 17
4190 17
33030 17
4000 17
5224 17
20069 17
20841 18
5145 18
5310 18
37260 18
37225 18
5162 18
58265 18
4014 18
4438 18
36416 18
35966 18
56109 18
35835 18
35797 18
55954 19
33741 19
30852 19
38844 19
36448 19
36859 19
2735 19
1728 19
2774 20
25190 20
4196 20
3975 20
37170 20
3941 20
3932 20
10060 20
32874 20
54541 20
5231 20
37216 21
9748 21
35939 21
33814 21
4202 21
5157 22
56029 22
50546 22
49948 22
44907 23
3925 23
55513 23
54957 24
53906 24
55463 24
56752 24
55927 24
55962 24
56052 25
48379 25
11156 26
55590 26
19991 26
55347 26
19153 27
2721 27
2728 28
55418 28
15164 28
4007 28
41447 31
49361 31
51356 32
40868 32
51148 32
51330 33
44195 33
26120 34
26143 34
26311 35
26189 35
25677 35
26134 35
1726 35
49022 37
37511 37
39760 38
2750 40
48509 40
2386 41
10656 42
20193 43
15917 43
11860 44
3661 44
3470 44
3626 44
20104 45
9987 45
3519 45
3670 46
19145 46
3734 47
3615 48
3227 48
3529 48
3630 48
3658 48
2869 48
2864 48
3726 48
3808 48
21619 48
10463 49
3283 49
3815 49
3606 49
2912 50
21605 50
21603 50
45304 51
43452 51
42521 51
44460 51
42330 51
42594 52
42514 53
25842 53
10317 53
42665 54
15253 55
41683 55
21832 56
21574 57
40008 57
10220 59
10544 60
10134 61
37603 61
2498 61
37583 62
10486 62
37527 65
37630 65
27670 68
27032 70
23245 75
22872 76
21168 78
20838 78
20282 78
20833 78
20819 78
20280 78
20430 79
20830 79
20902 80
20565 80
20824 83
11866 86
15188 86
12030 86
11083 87
9258 87
9577 87
10431 87
15077 87
9480 88
11893 88
15168 88
11045 88
4731 89
10086 89
10094 89
3778 89
11887 89
4552 90
10404 90
9559 91
4522 91
10103 91
4619 92
3049 92
4528 92
4454 93
4791 94
2888 94
3044 94
3211 94
4507 94
2780 94
2752 95
2765 95
3986 95
3039 95
2761 96
2650 96
2745 96
2754 96
2886 96
3028 96
2881 96
2634 97
2767 97
2648 97
2795 98
2778 98
2772 98
2785 98
2646 99
2652 100
2801 100
2878 100
2759 100
2782 100
2641 101
3032 101
2992 101
2770 101
2644 101
2884 102
2748 102
2655 102
2776 103
2658 105
2627 107
2625 108
2638 111
2416 118
219 187