222881,221211111110111011101110
209409,221211111110111011101110
222914,221211111110111011101110
209621,221211111110111011101110
223087,221211111110111011101110
nierozwiazane:194214,12210010110221001110
223002,221211111110111011101110
223410,221211111110111011101110
223800,221211111110111011101110
222910,221211111110111011101110
223672,221211111110111011101110
223047,221211111110111011101110
223790,221211111110111011101110
222990,221211111110111011101110
223569,221211111110111011101110
223078,221211111110111011101110
223354,221211111110111011101110
223125,221211111110111011101110
nierozwiazane:198549,1221001011022220010111010000
nierozwiazane:210633,1221101011002222000011101000
223196,221211111110111011101110
223407,221211111110111011101110
223583,221211111110111011101110
nierozwiazane:198318,12211010110022220010111010000
223038,221211111110111011101110
223343,221211111110111011101110
223690,221211111110111011101110
nierozwiazane:210989,122110101100222200201110100000
222974,221211111110111011101110
223336,221211111110111011101110
223424,221211111110111011101110
223751,221211111110111011101110
nierozwiazane:198916,1221101011110222200101110100011
nierozwiazane:209729,1221101011002222010011101000000
222925,221211111110111011101110
223322,221211111110111011101110
223416,221211111110111011101110
223782,221211111110111011101110
nierozwiazane:211235,12211010110022220110111010000000
223660,221211111110111011101110
nierozwiazane:199067,122120101101102222002011101000011
nierozwiazane:216257,122110101100222201201110100000000
223609,221211111110111011101110
198613,221211111111111011101110
nierozwiazane:199411,1221201011122200002212100111222000
206933,221211111110111011101110
nierozwiazane:207496,1221101011002222020011101000000000
223183,221211111110111011101110
204238,221211111110111011101110
nierozwiazane:216754,12211010110022220210111010000000000
222972,221211111110111011101110
nierozwiazane:223586,12212010110002222020011101000000000
223604,221211111110111011101110
nierozwiazane:217251,122110101100222202201110100000000000
nierozwiazane:222333,122120101100022220210111010000000000
223262,221211111110111011101110
223297,221211111110111011101110
223511,221211111110111011101110
223776,221211111110111011101110
216131,221211121111111011101110
nierozwiazane:221949,1221201011000222202201110100000000000
223251,221211111110111011101110
201148,221211111111111011101110
210779,221211111110111011101110
218011,221211111110111011101110
219635,221211111110111011101110
220288,221211111110111011101110
221024,221211111110111011101110
221269,221211111110111011101110
223065,221211111110111011101110
nierozwiazane:204804,122110101100222210000011101000000000000
219466,221211111110111011101110
219872,221211111110111011101110
220169,221211111110111011101110
220420,221211111110111011101110
220841,221211111110111011101110
221386,221211111110111011101110
221857,221211111110111011101110
223229,221211111110111011101110
nierozwiazane:217875,1221101011002222100010111010000000000000
218500,221211111110111011101110
220017,221211111110111011101110
nierozwiazane:220208,1221201011000222210000011101000000000000
220768,221211111110111011101110
221113,221211111110111011101110
221664,221211111110111011101110
223169,221211111110111011101110
nierozwiazane:218228,12211010110022221000201110100000000000000
218649,221211111110111011101110
219207,221211111110111011101110
223119,221211111110111011101110
209355,221211111110111011101110
nierozwiazane:218602,122110101100222210010011101000000000000000
218877,221211111110111011101110
223027,221211111110111011101110
223113,221211111110111011101110
223523,221211111110111011101110
222961,221211111110111011101110
223104,221211111110111011101110
223239,221211111110111011101110
223020,221211111110111011101110
223056,221211111110111011101110
nierozwiazane:200176,12222000010111222000220010222200010011122200022001
223160,221211111110111011101110
nierozwiazane:221986,22022120101112002212011121002212011121000221201210110
223013,221211111110111011101110
223094,221211111110111011101110
223221,221211111110111011101110
222955,221211111110111011101110
223210,221211111110111011101110
223282,221211111110111011101110
223146,221211111110111011101110
222932,221211111110111011101110
209975,2222000111111101110111011101110
223613,221211111110111011101110
215125,2222000111111101110111011101110
223204,221211111110111011101110
223135,221211111110111011101110
223313,221211111110111011101110
nierozwiazane:196202,220100222201110101010101010101010222201210101010101010101010101010
223273,221211111110111011101110
223507,221211111110111011101110
nierozwiazane:222008,2202212010111222000022120101211220002212111222000010102212121122000010
199814,221211111110111011101110
213898,2222000111111111110111011101110
nierozwiazane:220440,22102210000102200022121000111102212101100112222000111001011101022111110010
199986,221211111110111011101110
200272,221211111110111011101110
205069,221211121110111011101110
nierozwiazane:223140,22122200101022001022111000101011022111101101022101100221210100100101112212110010110221211100011
nierozwiazane:222015,22112200010220100222200010101011111110221100111122220001101011010022220001011110010222200011100010010111
206309,221211220011110111011101110
206559,221211121110111011101110
206684,221211220101110111011101110
206829,221211220011110111011101110
206947,221211220011110111011101110
200200,221211220101122001112200011101110
207129,221211220101110111011101110
207199,221211220121110111011101110
207282,221211220101110111011101110
207393,221211220101110111011101110
223680,221211220101110111011101110
223720,221211220101110111011101110
201289,221211220021122001112200011101110
208029,221211220121110111011101110
208106,221211121110111011101110
202224,221211220021122001112200011101110
208168,221211220101110111011101110
208239,221211121110111011101110
208339,221211121110111011101110
208461,221211121110111011101110
208610,221211220011110111011101110
208729,221211121110111011101110
208835,221211121110111011101110
202471,221211220021122001112200011101110
210231,221211121110111011101110
211213,221211220101110111011101110
223730,221211121110111011101110
202628,221211220021122001112200011101110
211769,221211220011110111011101110
211859,221211220011110111011101110
211899,221211220101110111011101110
211964,221211220011110111011101110
212003,221211220011110111011101110
212041,221211121110111011101110
212053,221211220011110111011101110
212100,221211121110111011101110
202911,221211220101122002112200111101110
212149,221211121110111011101110
212233,221211121110111011101110
212337,221211121110111011101110
212433,221211121110111011101110
212487,221211121110111011101110
212528,221211121110111011101110
212589,221211220011110111011101110
212656,221211220101110111011101110
212704,221211220101110111011101110
203077,221211220101122002112200111101110
212766,221211121110111011101110
212882,221211121110111011101110
212972,221211121110111011101110
213049,221211121110111011101110
213168,221211121110111011101110
213236,221211121110111011101110
213286,221211220121110111011101110
213366,221211121110111011101110
213474,221211121110111011101110
213549,221211220101110111011101110
213671,221211121110111011101110
203212,221211220101122002112200111101110
213773,221211220011110111011101110
213834,221211220101110111011101110
213940,221211220011110111011101110
214477,221211121110111011101110
214549,221211220211110111011101110
214589,221211121110111011101110
199429,221211111110111011101110
214677,221211121110111011101110
203335,221211220101122002112200111101110
214744,221211121110111011101110
nierozwiazane:210273,222201210011010101022000010220010102201002200111022011022001210220120220101010102210000102210000221011111102211100010221012220002200102210220001222001222200210010010010002210111111
214846,221211220101110111011101110
214891,221211121110111011101110
199479,221211111110111011101110
214927,221211121110111011101110
215017,221211220101110111011101110
215100,221211220101110111011101110
215167,221211121110111011101110
215267,221211220121110111011101110
215360,221211220101110111011101110
215439,221211220211110111011101110
215513,221211220011110111011101110
215548,221211121110111011101110
215603,221211220011110111011101110
199567,221211111110111011101110
217467,221211220011110111011101110
203837,221211220111122010112200211101110
217870,221211121110111011101110
199653,221211111110111011101110
219143,221211220011110111011101110
199756,221211111110111011101110
219423,221211220101110111011101110
220322,221211121110111011101110
221230,221211121110111011101110
221143,221211121110111011101110
204049,2212112210002112210001111011101110
221094,221211121110111011101110
220923,221211220101110111011101110
220857,221211220121110111011101110
220409,221211220211110111011101110
221681,221211121110111011101110
214424,221211111110111011101110
221744,221211220121110111011101110
221808,221211121110111011101110
204243,221211220201122012111011101110
221874,221211121110111011101110
222070,221211121110111011101110
214593,221211111110111011101110
222137,221211121110111011101110
214784,221211111110111011101110
222242,221211121110111011101110
222594,221211121110111011101110
223871,221211220211110111011101110
204408,221211220201122011111011101110
215080,221211111110111011101110
215256,221211111110111011101110
223930,221211121110111011101110
224097,221211121110111011101110
204544,221211220121122011111011101110
224201,221211220011110111011101110
224395,221211220011110111011101110
204653,221211220121122011111011101110
204780,221211220121122011111011101110
217092,221211111110111011101110
204893,221211220121122002111011101110
205015,221211220211122010111011101110
205114,221211220211122011111011101110
205233,221211220121122011111011101110
205350,221211220121122011111011101110
205468,221211220201122011111011101110
217404,221211111110111011101110
190936,2222000111111111111111111111111
205590,221211220111122002111011101110
205697,221211220011122000111011101110
191220,2222000111111111111111111111111
205769,221211220021122000111011101110
205837,221211220011122000111011101110
205924,221211220011122000111011101110
191303,2222000111111111111111111111111
217619,221211111110111011101110
206033,221211220101122000111011101110
206150,221211220021122000111011101110
217931,221211220121122010111011101110
206294,221211220021122000111011101110
191403,2222000111111111111111111111111
206419,221211220011122000111011101110
nierozwiazane:218801,22102222101200000000000000000000000000000000222210122101010101010101010101010101010101010101010101010101010101010101022221012210101010101010101010101010101010101010101010101010101010101010100222210112000000000000000000000000000002222102001010101010101010101010101010101010101010101010101010101010101010100222210120000000000000000000000000000000
195109,22121122100001110111011101110
206578,221211220001112111011101110
191501,2222000111111111111111111111111
206669,221211220001112111011101110
218673,22121122022112210001111011101110
191613,2222000111111111111111111111111
206855,221211220001112111011101110
nierozwiazane:192833,222201110102222001101010101010101101022220011111111111111111210222200122000220002200022000220002200022000122000102222001220012200122001220012200122001220012201110012200022220011010101010101010102222001111111111111111011022220012200022000220002200022000220002200010112222200122001121212121212022220211110101010101000000022220012200122001220012200122001220012200110122000
207024,221211220011112111011101110
191660,2222000111111111111111111111111
207120,221211220101122000111011101110
218584,221211220021122010111011101110
219378,221211220011110111011101110
191750,2222000111111111111111111111111
191805,2222000111111111111111111111111
nierozwiazane:206655,222201110102222001101010101010101101022220011111111111111111210222200122000220002200022000220002200022000122000102222001220012200122001220012200122001220012210101000221122001220012200012222200110101010101010101022220011111111111111110110222200122000220002200022000220002200022000101122222001220012200122001220012200122001220011012200022220102200122000220002200012121212120222202211111110101010101000000
nierozwiazane:208905,2222011101022220011010101010101011010222200111111111111111112102222001220002200022000220002200022000220001220001022220012200122001220012200122001220012200122220001010101000022122200122000220001212222200110101010101010101022220011111111111111110110222200122000220002200022000220002200022000101122222001220012200122001220012200122001220011012200022220022200122001220012200112121212022220211111111111111010100000
nierozwiazane:205780,22220111010222200110101010101010110102222001111111111111111121022220012200022000220002200022000220002200012200010222200122001220012200122001220012200122001222200110101010101010101022220011100000002222002220012200012121212121222220011111111111111110110222200122000220002200022000220002200022000101122222001220012200022000220002200022000220000222200010101010101022220012200122001220012200122001220012200110122000
nierozwiazane:207123,222201110102222001101010101010101101022220011111111111111111210222200122000220002200022000220002200022000122000102222001220012200122001220012200122001220012212111111100022112200122001220011222220011010101010101010102222001111111111111111011022220012200022000220002200022000220002200010112222200122001220012200122001220012200122001101220002222012220012200122000220002200022000121212121202222020111111111010000000
191883,2222000111111111111111111111111
